Image Name	mesure ID	Cell culture	vesicle type	Area (nm2)	Perimeter (nm)	Extent Inner Max (nm)
Tv1	1	TD_MPS1.3	Prim	3123,38	221,95	82,9
Tv1	2	TD_MPS1.3	Prim	6306,78	299,95	105,29
Tv1	3	TD_MPS1.3	Prim	2034,63	175,61	61,67
Tv1	4	TD_MPS1.3	Prim	2220,38	190,87	77,84
Tv1	5	TD_MPS1.3	Prim	6303,92	362,52	136,55
Tv1	6	TD_MPS1.3	Prim	3780,64	249,75	99,32
Tv3	1	TD_MPS1.3	Prim	23372,52	583,65	202,73
Tv3	2	TD_MPS1.3	Prim	3440,58	227,48	85,64
Tv3	3	TD_MPS1.3	Prim	6249,63	300,94	112,32
Tv3	4	TD_MPS1.3	Prim	8901,5	382,56	145,74
Tv3	5	TD_MPS1.3	Prim	14693,91	461,56	161,64
Tv3	6	TD_MPS1.3	Prim	9804,51	371,84	123,41
Tv5	1	TD_MPS1.3	Prim	5146,58	279,67	104,16
Tv5	2	TD_MPS1.3	Prim	4060,69	252,55	100,15
Tv5	3	TD_MPS1.3	Prim	6446,8	331,61	133,29
Tv5	4	TD_MPS1.3	Prim	16139,87	475,9	160,05
Tv8	1	TD_MPS1.3	Prim	175761,12	1728,85	683,76
Tv13	1	TD_MPS1.3	Prim	87623,38	1215,65	479,37
Tv13	2	TD_MPS1.3	Prim	41338,41	773,53	271,16
Tv13	3	TD_MPS1.3	Prim	18494,55	521,32	185,21
Tv13	4	TD_MPS1.3	Prim	35080,21	854,36	342,43
Tv15	1	TD_MPS1.3	Prim	3486,3	224,75	77,84
Tv15	2	TD_MPS1.3	Prim	8498,58	514,49	166,14
Tv15	3	TD_MPS1.3	Prim	4632,21	284,79	113,31
Tv15	4	TD_MPS1.3	Prim	11379,07	412	149,83
Tv15	5	TD_MPS1.3	Prim	9867,38	525,93	176,71
Tv15	6	TD_MPS1.3	Prim	8215,67	417,53	164,86
Tv15	7	TD_MPS1.3	Prim	3943,52	282,06	107,94
Tv15	8	TD_MPS1.3	Prim	3652,05	244,05	94,2
Tv15	9	TD_MPS1.3	Prim	22158,03	656,05	223,46
Tv15	10	TD_MPS1.3	Prim	2934,78	198,86	68,17
Tv15	11	TD_MPS1.3	Prim	2651,88	200,43	66,96
Tv15	12	TD_MPS1.3	Prim	7924,2	439,22	169,87
Tv15	13	TD_MPS1.3	Prim	10461,77	389,33	135,41
Tv15	14	TD_MPS1.3	Prim	15356,88	711,27	228,01
Tv15	15	TD_MPS1.3	Prim	12050,61	428,33	160,26
Tv17	1	TD_MPS1.3	Prim	76018,56	1087,59	363,05
Tv17	2	TD_MPS1.3	Prim	35128,79	724,15	265,07
Tv17	3	TD_MPS1.3	Prim	67028,47	1013,96	381,63
Tv17	4	TD_MPS1.3	Prim	45973,48	866,7	313,2
Tv17	5	TD_MPS1.3	Prim	17851,59	652,19	279,63
Tv17	6	TD_MPS1.3	Prim	27015,99	859,28	314,59
Tv17	7	TD_MPS1.3	Prim	40075,34	956,92	328,23
Tv17	8	TD_MPS1.3	Prim	4837,96	261,77	83,8
Tv17	9	TD_MPS1.3	Prim	118751,49	1459,23	571,01
Tv17	10	TD_MPS1.3	Prim	25072,81	602,87	199,3
Tv19	1	TD_MPS1.3	Prim	7381,25	318,09	102,6
Tv19	2	TD_MPS1.3	Prim	8695,75	347,93	117,4
Tv19	3	TD_MPS1.3	Prim	4129,27	247,43	93,81
Tv19	4	TD_MPS1.3	Prim	4680,79	257,57	84,96
Tv19	5	TD_MPS1.3	Prim	4509,33	254,77	90,71
Tv19	6	TD_MPS1.3	Prim	2683,31	199,44	72,99
Tv19	7	TD_MPS1.3	Prim	5278,03	277,28	96,6
Tv19	8	TD_MPS1.3	Prim	3614,9	233,9	82,88
Tv19	9	TD_MPS1.3	Prim	6269,63	297,39	101,12
Tv30	1	TD_MPS1.3	Prim	2603,3	191,28	69,14
Tv30	2	TD_MPS1.3	Prim	6006,73	288,82	99,54
Tv30	3	TD_MPS1.3	Prim	2660,45	194,66	67,53
Tv30	4	TD_MPS1.3	Prim	7732,74	335,4	114,09
Tv32	1	TD_MPS1.3	Prim	41455,58	824,75	323,52
Tv32	2	TD_MPS1.3	Prim	25418,58	610,53	213,9
Tv32	3	TD_MPS1.3	Prim	26713,08	631,15	231,84
Tv32	4	TD_MPS1.3	Prim	38837,99	768,82	281,57
Tv1 [1]	1	TD_MPS1.3	Der	6761,14	309,51	99,01
Tv1 [1]	2	TD_MPS1.3	Der	14888,23	485,87	176,75
Tv1 [1]	3	TD_MPS1.3	Der	15631,21	508,55	199,65
Tv1 [1]	4	TD_MPS1.3	Der	6192,47	325,43	129,73
Tv1 [1]	5	TD_MPS1.3	Der	21835,12	583,48	214,54
Tv3 [1]	1	TD_MPS1.3	Der	26761,66	656,02	221,24
Tv3 [1]	2	TD_MPS1.3	Der	52283,12	924,51	362,76
Tv5 [1]	1	TD_MPS1.3	Der	36140,39	736,44	265,81
Tv5 [1]	2	TD_MPS1.3	Der	17388,65	510,53	187,92
Tv5 [1]	3	TD_MPS1.3	Der	25218,55	594,54	186,47
Tv5 [1]	4	TD_MPS1.3	Der	31102,4	661,82	220,27
Tv5 [1]	5	TD_MPS1.3	Der	19003,21	516,54	173,23
Tv5 [1]	6	TD_MPS1.3	Der	59138,56	950,23	343,69
Tv8 [1]	1	TD_MPS1.3	Der	141403,89	1436,1	494,91
Tv8 [1]	2	TD_MPS1.3	Der	74355,42	1172,22	484,06
Tv8 [1]	3	TD_MPS1.3	Der	37297,73	912,77	382,35
Tv8 [1]	4	TD_MPS1.3	Der	63436,43	945,35	300,67
Tv8 [1]	5	TD_MPS1.3	Der	37872,11	985,17	394,98
Tv13 [1]	1	TD_MPS1.3	Der	39803,87	851,46	344,85
Tv15 [1]	1	TD_MPS1.3	Der	8372,84	348,51	129,03
Tv15 [1]	2	TD_MPS1.3	Der	19923,37	596,45	210,97
Tv15 [1]	3	TD_MPS1.3	Der	5329,47	319,73	130,08
Tv15 [1]	4	TD_MPS1.3	Der	4600,78	278,51	109,83
Tv15 [1]	5	TD_MPS1.3	Der	2829,05	223,52	88,66
Tv15 [1]	6	TD_MPS1.3	Der	5063,71	303,09	124,16
Tv17 [1]	1	TD_MPS1.3	Der	79190,52	1107,29	393,63
Tv17 [1]	2	TD_MPS1.3	Der	114079,27	1354,14	508,19
Tv17 [1]	3	TD_MPS1.3	Der	48162,42	880,39	328,09
Tv32 [1]	1	TD_MPS1.3	Der	45027,61	810,48	282,67
Tv32 [1]	2	TD_MPS1.3	Der	18171,64	599,66	245,03
Tv32 [1]	3	TD_MPS1.3	Der	16262,75	529,82	206,35
Tv19 [1]	1	TD_MPS1.3	Der	20151,98	564,86	210,18
Tv19 [1]	2	TD_MPS1.3	Der	12013,46	423,95	143,65
Tv19 [1]	3	TD_MPS1.3	Der	6849,73	325,09	125,87
Tv19 [1]	4	TD_MPS1.3	Der	5395,2	276,87	99,08
Tv19 [1]	5	TD_MPS1.3	Der	10067,42	406,64	142,41
Tv19 [1]	6	TD_MPS1.3	Der	10953,28	424,54	165,98
Tv19 [1]	7	TD_MPS1.3	Der	4577,92	256,75	86,92
Tv19 [1]	8	TD_MPS1.3	Der	24949,93	633,95	211,34
Tv19 [1]	9	TD_MPS1.3	Der	8932,94	360,88	126,92
Tv19 [1]	10	TD_MPS1.3	Der	3997,82	236,87	79,75
Tv19 [1]	11	TD_MPS1.3	Der	7684,16	332,19	109,18
Tv19 [1]	12	TD_MPS1.3	Der	4955,12	275,29	101,51
Tv13 [1]	1	TD_MPS1.3	Seq	317707,96	2109,84	659,83
Tv13 [1]	2	TD_MPS1.3	Seq	740330,8	3270,72	1102,02
Tv19 [2]	1	TD_MPS1.3	Seq	35520,29	744,53	250,89
Tv19 [2]	2	TD_MPS1.3	Seq	30436,57	753,24	294,91
Tv4	1	TD_MPS2.5	Der	6302,47	446,76	177,43
Tv11	1	TD_MPS2.5	Der	55094,94	1006,36	396,89
Tv11	2	TD_MPS2.5	Der	36944,26	883,17	357,39
Tv15	1	TD_MPS2.5	Der	21091,08	623,45	240,52
Tv16	1	TD_MPS2.5	Der	12954,46	521,79	205,95
Tv17	1	TD_MPS2.5	Der	23135,26	589,3	202,22
Tv17	2	TD_MPS2.5	Der	12032,58	417,83	146,58
Tv18	1	TD_MPS2.5	Der	53424,32	978,71	386,91
Tv20	1	TD_MPS2.5	Der	41808,6	801,36	294
Tv4	1	TD_MPS2.5	Prim	3860,69	232,58	74,57
Tv4	2	TD_MPS2.5	Prim	3931,23	335,64	119,75
Tv5	1	TD_MPS2.5	Prim	25663,62	781,72	310,88
Tv5	2	TD_MPS2.5	Prim	10597,65	408,14	154,26
Tv6	1	TD_MPS2.5	Prim	26104,52	826,12	292,17
Tv7	1	TD_MPS2.5	Prim	14803,04	566	230,2
Tv7	2	TD_MPS2.5	Prim	14567,35	490,66	156,06
Tv10	1	TD_MPS2.5	Prim	172667,89	1881,94	783,27
Tv15	1	TD_MPS2.5	Prim	23419,04	823,13	220,69
Tv16	1	TD_MPS2.5	Prim	50843,05	1268,85	429,73
Tv16	2	TD_MPS2.5	Prim	8234,42	357,33	127,99
Tv16	3	TD_MPS2.5	Prim	21495,11	606,77	237,01
Tv18	1	TD_MPS2.5	Prim	15753,78	478,79	167,78
Tv19	1	TD_MPS2.5	Prim	9457,72	366,95	124,46
Tv19	2	TD_MPS2.5	Prim	8616	391,79	152,42
Tv9	1	TD_MPS2.5	Seq	64866,9	999,97	326,34
Tv9	2	TD_MPS2.5	Seq	49050,59	881,2	305,37
Tv63	1	TD_MPS2.5	Der	10881,84	409,03	150,02
Tv63	2	TD_MPS2.5	Der	6526,82	330,62	123,93
Tv63	3	TD_MPS2.5	Der	18405,97	550,49	197,68
Tv69	1	TD_MPS2.5	Der	8624,31	390,73	133,37
Tv69	2	TD_MPS2.5	Der	7378,39	332,26	118,78
Tv69	3	TD_MPS2.5	Der	5403,77	291,62	110,13
Tv61	1	TD_MPS2.5	Der	39526,68	775	279,37
Tv61	2	TD_MPS2.5	Der	30090,8	698,67	272,84
Tv56	1	TD_MPS2.5	Der	65088,14	956,31	306,86
Tv56	2	TD_MPS2.5	Der	81488,05	1124,82	396,08
Tv56	3	TD_MPS2.5	Der	59801,53	965,46	347,86
Tv56	4	TD_MPS2.5	Der	32291,17	682,44	238,81
Tv56	5	TD_MPS2.5	Der	78896,19	1081,98	377,58
Tv56	6	TD_MPS2.5	Der	15845,53	473,92	161,47
Tv56	1	TD_MPS2.5	Prim	94038,75	1267,42	429,63
Tv56	2	TD_MPS2.5	Prim	24489,85	653,32	216,81
Tv56	3	TD_MPS2.5	Prim	13185,08	485,7	176,1
Tv56	4	TD_MPS2.5	Prim	15956,98	490,65	175,9
Tv56	5	TD_MPS2.5	Prim	62856,33	1022,67	331,67
Tv56	6	TD_MPS2.5	Prim	6272,49	303,98	109,96
Tv56	7	TD_MPS2.5	Prim	55732,27	1048,68	343,35
Tv61	1	TD_MPS2.5	Prim	23192,49	581,43	203,33
Tv63	1	TD_MPS2.5	Prim	14705,34	466,58	170,73
Tv63	2	TD_MPS2.5	Prim	15634,07	469,96	164,11
Tv63	3	TD_MPS2.5	Prim	8055,65	347,35	129,04
Tv63	4	TD_MPS2.5	Prim	29865,05	666,46	217,09
Tv63	5	TD_MPS2.5	Prim	3852,08	241,83	92,44
Tv63	6	TD_MPS2.5	Prim	4920,83	269,11	100,41
Tv63	7	TD_MPS2.5	Prim	10881,84	409,03	150,02
Tv63	8	TD_MPS2.5	Prim	6526,82	330,62	123,93
Tv63	9	TD_MPS2.5	Prim	5438,06	274,47	90,35
Tv69	1	TD_MPS2.5	Prim	25124,24	603,11	210,31
Tv5	1	TD_MPS2.5	Prim	36067,5	705,06	228,28
Tv5	2	TD_MPS2.5	Prim	20054,87	535,89	193,49
Tv8	1	TD_MPS2.5	Prim	21515,22	554,99	189,41
Tv8	2	TD_MPS2.5	Prim	43928,79	862,78	337,47
Tv8	3	TD_MPS2.5	Prim	14199,14	474,77	181,33
Tv8	4	TD_MPS2.5	Prim	21211,46	555,61	196,64
Tv8	5	TD_MPS2.5	Prim	25153,87	716,82	292,71
Tv8	6	TD_MPS2.5	Prim	18632,74	515,44	185,28
Tv8	7	TD_MPS2.5	Prim	41253,12	788,37	285,16
Tv5	1	TD_MPS2.5	Der	74502,28	1099,12	420,99
Tv8	1	TD_MPS2.5	Der	70601,46	1002,85	324,69
Tv8	2	TD_MPS2.5	Der	16551,66	509,23	193,42
Tv8	3	TD_MPS2.5	Der	31468,19	838,19	231,76
Tv19	1	NPC_MPS1.3	Der	865861,07	3812,14	1239,95
Tv24	1	NPC_MPS1.3	Der	396689,88	2403,2	841,62
Tv25	1	NPC_MPS1.3	Der	248986,81	1928,45	690,36
Tv25	2	NPC_MPS1.3	Der	408154,62	2525,13	906,86
Tv31	1	NPC_MPS1.3	Der	729241,53	3293,72	1074,31
Tv25	1	NPC_MPS1.3	Prim	89745,5	1138,63	394,81
Tv25	2	NPC_MPS1.3	Prim	101322,01	1218,48	435,67
Tv25	3	NPC_MPS1.3	Prim	128995,38	1392,64	491,66
Tv25	4	NPC_MPS1.3	Prim	281878,8	2061,71	744,94
Tv25	5	NPC_MPS1.3	Prim	32597,98	704,59	259,5
Tv25	6	NPC_MPS1.3	Prim	51487,9	856,57	293,35
Tv25	7	NPC_MPS1.3	Prim	268648,5	2180,01	844,28
Tv25	8	NPC_MPS1.3	Prim	358908,52	2325,51	781,55
Tv31	1	NPC_MPS1.3	Prim	179706,26	1894,89	745,85
Tv31	2	NPC_MPS1.3	Prim	66862,97	1167,65	492,98
Tv31	3	NPC_MPS1.3	Prim	572423,62	3341,25	1309,94
Tv31	4	NPC_MPS1.3	Prim	31584,51	762,94	281,66
Tv32	1	NPC_MPS1.3	Prim	416609,37	2459,62	832,89
Tv34	1	NPC_MPS1.3	Prim	141327,07	1590,73	632,75
Tv34	2	NPC_MPS1.3	Prim	138769,85	1438,57	489,94
Tv11	1	TD_E7	Prim	45020,77	802,12	275,95
Tv14	1	TD_E7	Der	84811,63	1113,11	392,97
Tv14	2	TD_E7	Der	135640,26	1400,33	464,95
Tv24	1	TD_E7	Der	138591,88	1473,48	507,49
